Ta( 1) == 2
  1

Ta( 2) == 1729
  13
  19

Ta( 3) == 87539319
  603
  651
  669

Ta( 4) == 6963472309248
  21504
  24384
  28272
  29952

Ta( 5) == 48988659276962496
  404544
  470592
  548244
  558012
  563472

Ta( 6) == 24153319581254312065344
  29488368
  31958976
  37176768
  43311276
  44082948
  44514288

Ta( 7) <= 24885189317885898975235988544
  2978325168
  3227856576
  3375266076
  3754853568
  4374438876
  4452377748
  4495943088

Ta( 8) <= 50974398750539071400590819921724352
  378247296336
  409937785152
  428658791652
  476866403136
  555553737252
  565451973996
  570984772176
  588385726452

Ta( 9) <= 136897813798023990395783317207361432493888
  52576374190704
  55606919948244
  56981352136128
  59583572039628
  66284430035904
  77221969478028
  78597824385444
  79366883332464
  81785615976828

Ta(10) <= 7335345315241855602572782233444632535674275447104
  19821293069895408
  20333449111839444
  20963808820487988
  21481969755320256
  22463006658939756
  24989230123535808
  29112682493216556
  29631379793312388
  29921315016338928
  30833177223264156

Ta(11) <= 87039729655193781808322993393446581825405320183232000
  448306482152256000
  470227943453541000
  566827508371258680
  577182990203814120
  632749122066516000
  636779494370990880
  638691321198545160
  691170863615919960
  692202451000089120
  695224564632004680
  697556880756014760

Ta(12) <= 16119148654034302034428760115512552827992287460693283776000
  25553469482678592000
  26031756460824780120
  26802992776851837000
  32309167977161744760
  32899430441617404840
  36066699957791412000
  36296431179146480160
  36405405308317074120
  39396739226107437720
  39455539707005079840
  39627800184024266760
  39760742203092841320

Ta(13) <= 98785992977316717572070208794037178343163969803121800608526912000
  4676284915330182336000
  4763811432330934761960
  4904947678163886171000
  5774828568390535006080
  5912577739820599291080
  6020595770815985085720
  6600206092275828396000
  6642246905783805869280
  6662189171422024563960
  7209603278377661102760
  7220363766381929610720
  7251887433676440817080
  7276215823165989961560

Ta(14) <= 6181115942163278484307116174514304039670628856329988877227399275142976000
  1856485111386082387392000
  1891233138635381100498120
  1947264228231062809887000
  2292606941651042397413760
  2347293362708777918558760
  2359263817041145447806360
  2390176521013946079030840
  2620281818633503873212000
  2636972021596170930104160
  2644889101054543751892120
  2862212501515931457795720
  2866484415253626055455840
  2878999311169547004380760
  2888657681796898014739320

Ta(15) <= 786630615595626829796137755567437844038832146564530660386728812791938555036352000
  933812011027199440858176000
  951290268733596693550554360
  979473906800224593373161000
  1110257721325097290094390280
  1153181291650474325899121280
  1180688561442515293035056280
  1186709699971696160246599080
  1202258790070014877752512520
  1318001754772652448225636000
  1326396926862873977842392480
  1330379217830435507201736360
  1439692888262513523271247160
  1441841660872573905894287520
  1448136653518282143203522280
  1452994813943839701413877960

Ta(16) <= 1407430328457240141244921568479580896498768360005757901394557724136294559835243494681088000
  1133647781387020121201825664000
  1154866386242586385970372993040
  1189081322855472656355017454000
  1347852873688668110174589799920
  1399962088063675831641533233920
  1433355913591213565744558323920
  1440665575765639138539371283120
  1459542171144998061591550199280
  1600054130294000072145922104000
  1610245869211529009100664470720
  1615080370446148705742907941040
  1740459033232077201531500113920
  1747787166350691417251294052240
  1750395776299304721755665049280
  1758037897371194521849076047920
  1763935704127821397516447843440

Ta(17) <= 108883358434560363503260016942467566965657808716401027019007732065428469239764403684536752685040128000
  4830473196490092736440979154304000
  4920885671779660590619759323343440
  4955483371463092912756207474837440
  5066675516687168988728729371494000
  5743201094787414817453927137459120
  5965238457239322718624573109733120
  6107529547812161003637563018223120
  6138676018337388369316261037374320
  6219109191248836740441595399132080
  6817830649182734307413774085144000
  6861257648710325107777931309737920
  6881857458471039635170530736771440
  7416095940601880955725721985413120
  7447321115820296128907763956594640
  7458436402811337419400888774982080
  7490999480698659857598913040187120
  7516130035288646974817584260897840

Ta(18) <= 32704115261272222010108668321371490956498583891096244871994833214348230808345220932546725287574509356813791744000
  32281674991424813969140029236717202000
  32349678996894151055945237396373888000
  32955171343908386975380528188431017680
  33186872138688333236728321458986335680
  33931525935253970717516300600895318000
  38462217731791317032488950039563726640
  39949201948131744246628766115882704640
  40902125381698042241360759533040234640
  41110713294805489909311000167295821040
  41649374253793459650737364387987539760
  45659011857576771656750045048209368000
  45949842473413047246788805981314850240
  46087799399380552436737044344158333680
  49665594514210796760495160136311664640
  49874709512648523175295295217314304080
  49949148589627526697727752126054989760
  50167223522238925066339920630133142640
  50335522846328068790353361795232834480

Ta(19) <= 89155799373431424956779039683208074195259067508030416952016859893056008200986665364956362114476625742414288155368000000000
45096045355745564020243684235946113850000
45191043887136274841395172426451734400000
46036889412523792617209443910354729034000
47400812782246917777097386905487987150000
53729985069739012036402966073515633782000
55807235016688124324627841621059166432000
57138426114797927502589021136694911682000
57429814030469976126127793985171515502000
58182299118196792786092550156575154038000
63783582177032718852131045974205033400000
64189859442573493958687364103104446712000
64382579051832383205408237779928812334000
69380597612356536471976156670824914432000
69672721842484601164446631690664655354000
69776709878810990519531122963842495288000
70081350733246428898852007053935759582000
70316457305457487648303006238908426374000
... = 
... = 

Ta(20) <= 6897380753715950027554119762858815120976857451913869723850868496922922856256366585322070924221550029921862628606999892276808000000000
192154249260831848290258338529366391114850000
192559038003087667099184829709110840278400000
196163185786763880341929440502021500413874000
201974863265154116648211965604284313246150000
228943466382157930287113038439250115545102000
237794628406108097747239233147333108166752000
243466833675153969088531819063457018677002000
244708437583832568273430530170815827554022000
247914776542636534061540356217166731355918000
271781843656336415028930386896087647317400000
273512991084805657757966858443328047439832000
274334169339857784838244501180276669355174000
295630726426251201907090403574384960394752000
296875467770826885561707097633922096463394000
297318560793613630603722114948932872422168000
298616635474363033538008402056820271578902000
299618424578554354869419109583988804779614000
... = 
... = 
... = 
