Ta( 1) == 2

  2

Ta( 2) == 1729

  133
  91

Ta( 3) == 87539319

  145173
  134469
  130851

Ta( 4) == 6963472309248

  323822187
  285575472
  246302784
  232487724

Ta( 5) == 48988659276962496

  121095997659
  104100068163
  89355577584
  87791408208
  86940716268

Ta( 6) == 24153319581254312065344

  819079563211308
  755760121389819
  649688525405283
  557668159701744
  547906178626128
  542597010228588

BTa( 7) <= 24885189317885898975235988544

  8355430624318552908
  7709508998297543619
  7372808174986053744
  6627472647659291883
  5688772897117490544
  5589190928165131728
  5535032101341826188

BTa( 8) <= 50974398750539071400590819921724352

  134764740539633939853132
  124346670633541081030851
  118916023054350060836976
  106894506334096718780907
  91754218057608004984176
  90148060480375409640912
  89274532762542314586252
  86634322450202263494576

BTa( 9) <= 136897813798023990395783317207361432493888

  2603789551966267351902363372
  2461884490733190834848798352
  2402502023310647226597072171
  2297576481433097525431213296
  2065308756881082703565904147
  1772783247091044264299264496
  1741750676541333289672060752
  1724873247505080060120974892
  1673861744060357932978702896

BTa(10) <= 7335345315241855602572782233444632535674275447104

  370074005231413612458531003698988
  360752633500370824957218786464016
  349905180783417680166224860971408
  341465210071118979669015270592059
  326552247729604718192012914547184
  293540268306751403575118390508963
  251963910125803030240590163551984
  247553281906143159127800322621008
  245154509794649523864934040425068
  237904295821554612656330063905584

BTa(11) <= 87039729655193781808322993393446581825405320183232000

  194152288937086863053472191313033747
  185101142683991505060946159459945152
  153555937864230835830724422195182400
  150800926452213055842620149572273600
  137558040967212865062415467817835952
  136687394026673863360085702371076400
  136278240781255890414534093269995200
  125930843206899567896806928637019200
  125743168822126253316484667434023600
  125196568250239450334255234487902400
  124777967297605604303602946158603200

BTa(12) <= 16119148654034302034428760115512552827992287460693283776000

  630800786756595218060731149576046644003
  619210950221204902613782393590746164800
  601393612580288399943014072085361798848
  498903242120885985614023647712147617600
  489952210043240218432672865960316926400
  446926075102474598587787854940149008048
  444097343192663382056918447003627223600
  442768004298300387956821269034214404800
  409149309579216696096725711141675380800
  408539555503088197025258684493142676400
  406763650245027974135995256851194897600
  405403615749920608382405972069301796800

BTa(13) <= 98785992977316717572070208794037178343163969803121800608526912000

  21124887547691617257635825468152226061016467
  20736755511957930983632958578960498312987200
  20140070691701278225691598260066681281620672
  17106307452664126546074410640611785340793900
  16707770675386350772228037938232111565806400
  16408009562138071675091781608145053548209600
  14967107329106771832106427474090650130519472
  14872375926179104001704141871704472091140400
  14827857695945781692285987478686806202347200
  13702001228498387935583247340423566827611200
  13681581174242920630178888084990855089959600
  13622107883055741825840345156689665925726400
  13576561687849091254118393598628847873035200

BTa(14) <= 6181115942163278484307116174514304039670628856329988877227399275142976000

  3329472401504128104358724816210004197250744347403
  3268299299484177544399406968671385178611599604800
  3174256401648346759873027110170849570114952493248
  2696108011306940320800241786656182875777185785100
  2633295028376967358860088831406824871775180897600
  2619934191978276806147862872086769509549310481600
  2586049979079019338639540607478133744679766846400
  2358950819033189201686461927763953276421043462448
  2344020297349162402604588096257470141812547303600
  2337003823600318706739502200528348838745739844800
  2159558711622402424139340030076817944132973620800
  2156340327291252477601864372187323679873442596400
  2146966801340532413428870959800701556887812177600
  2139788311060207423470345896686294084421204836800

BTa(15) <= 786630615595626829796137755567437844038832146564530660386728812791938555036352000

  842386482832157947555696607024476951942213576592085627
  826909137463192276330949557736578492655342204410843200
  803115437924646565368714716117216478885214015364183232
  708511727040078460607536640889488893174958397127358400
  682139591832757663625348374200094173217509998302365900
  666247341834628134497832215145409353982966743720878400
  662866929978231836446664637403801466841561495639134400
  654293919156803603849851529557435140607683130040817600
  596835787772768166729490045881630054514011785390506032
  593058231412014230320584229646006263109850780736532400
  591283000405293035673454712253477011342220892393003200
  546387790068872414929070281669705631227139522824987200
  545573509867632498105570102942742576921099837872567600
  543201923440366765389225212668215700206628471242398400
  541385700793032020004808744974702580005324614553931200

BTa(16) <= 1407430328457240141244921568479580896498768360005757901394557724136294559835243494681088000

  1241505828852103054475795436646246033864626600327109428730092
  1218695379156702924087448134393938436161472719491883064787200
  1183628319951592409454150273754689177715112874987671790588672
  1044201749264759474929545071196365172805680985852712300486400
  1005334601884750913620383932502601992111273365458033653956400
  981912667406507606110367127352443724262680455028855702406400
  976930629934198167627748555947172986625225966026973722182400
  964295760877620524139495784855629680487040966321636815609600
  879614196676354633053255511660162847822532513261386227937472
  874046849222100924589555755315365446546245641246378504990400
  871430520865319254803394861100325405408119782325238544147200
  808654671890556258779339992300335357071835641951102772403275
  805264139452343889632804064843685480480033320181374835411200
  804064056548877305177996795436602238896009256657238638609600
  800568821958718777363578561529565626101728214403161792326400
  797892080285967418955007109108736763601527395631125586835200

BTa(17) <= 108883358434560363503260016942467566965657808716401027019007732065428469239764403684536752685040128000

  22540930050844074161532133518997077186616258175357638368264426693132
  22126780766109976250785522909280607913498474233293687442127242451200
  21972298214455081444199239677793261777244927211744153924783852331200
  21490098996067825928731096322473261027986092886934042538214590061312
  18958653308062634062717286787594820837645853466541132705819437254400
  18252976677306365642552238744973074583613324687333279443304527124400
  17827725200865308283960164918633377903403862125838962624430589574400
  17737270725691523969427685739352142353098984291527624163764038470400
  17507870514281144428360106348828780010114054716492562942262586361600
  15970381788173692556625506513618827544770486837207832982166322066112
  15869300354145220261059849629752168206712667958191838948404806238400
  15821797979923761093840268308915701199963877150390692361400405011200
  14682032070060238191705009200343957083574453607376898019189321696275
  14620473152857629393783836170593799669538623045244783458080831955200
  14598684302452258766965636355559198078266850480988880248471169361600
  14535224400309955126785193356136738584943735769817748284054989894400
  14486625154613739060604802628838426837097727179893587520775898259200

BTa(18) <= 32704115261272222010108668321371490956498583891096244871994833214348230808345220932546725287574509356813791744000

  1013086070346709813806272319338267574507960681191133646245008039626352316672
  1010956407462717014926551335689516783377996535459478587507731198681471811788
  992381891144906107842266802446359592324295091154643322685105377633011820800
  985453378209351441851780057494249332196435531665627860393156143338524740800
  963826835364733743948837282423528164712319920635250403436799565263141489408
  850291979763827297749764333421851283957636537616357692499654949347324409600
  818642517658645133552630180234442105217812142081882302375834370364659239600
  799570070163295711261731160209207539992483666206211438463850676169231289600
  795513204228556242947753544721967368277300003569014261968601846466092153600
  785224648562241099913364952964658157156633422250240597880955026163764934400
  716268572856668569989375651664060314186895283485785402554059950897608572608
  711735089847045486971464393463105461406935675805323962194716414474248465600
  709604617436166519620367110163622195919450697094486827786567137274962860800
  658486334074076301392475046978669209502511281570214867173119412917489761475
  655725428395292482503990839538423331763070361702226896341284819751816556800
  654748202616282037316984300110286122003435295103909410267804487874411934400
  651902038126041028234886706050801703417656825022793975349944042260770169600
  649722371239021665643964822386101335504307178352336040631582568728552492800

BTa(19) <= 89155799373431424956779039683208074195259067508030416952016859893056008200986665364956362114476625742414288155368000000000

  1977020350013292861087942138265022565758908350087712175965103498259670024267680000
  1972864348876211945967738511952455405715818215457866189258031865784466662006907500
  1936616494101741843695929825417502803892953396942721177740455575570660548452000000
  1880891785189452520772586196798740037428777070486890753363996514630652172887520000
  1659330432675746325632427128455835604015375406603851740744831927081386455324000000
  1597567042100742449276942111099160755989179757638787170380193068005475459742750000
  1560347483045941232599298872527893548761892805107556056753757283863147137524000000
  1552430577715764538542801397367281968399887323779256247876001712392721776684000000
  1532352635159917934208123026636210705981786401920550529755500962299235595036000000
  1397786018445586291122093166799063657952207617450874292739682341352231238070520000
  1388939002946303987477799583120191337802063827131557574468726391152575310339000000
  1384781422031181814483210968023980382401498355909763416734962032414421371052000000
  1363332429265685778489104893013636355832610736069462039802117764132081394115692800
  1285024955702499847367148581762266112627388553744648953070461007568469351428296875
  1279637094916342902855089450959384045451071659653047889223780054942226748292000000
  1277730055319006366799382272032976473997042560764840476291165238769364384411000000
  1272175813402753412251872881760592148807321670755318585899371140928237899724000000
  1267922230298592631826399915870057987262131406043960596757328105628394251132000000
  1264708744677949523192644734193652946989068518700529760074935145434829171076778752

BTa(20) <= 6897380753715950027554119762858815120976857451913869723850868496922922856256366585322070924221550029921862628606999892276808000000000

  35895020694303696794348869103338479771649196832102862879995710891925858380676934469280000
  35819563834782718112635722519368726593280487133857088933977726777038536635863515405807500
  35161443397507011224906389117789056425319732922253075772318218025185556967620874692000000
  34915956738000013011758203968073402885308146695811129584732842392452359033991689867000000
  34149698839805707890902088472007736767101405373785517431857877763212391159858732509920000
  30127004114643204053487748467926694382611241742723731271023798592752829330623638204000000
  29005620521993174098908523479111805684191022370440494158670401346068641109619997872750000
  28329857704227557577962014844780011146440325958562205780704084450450646869689384404000000
  28186117413107324569292265849569452859386530636902353726442680086409456096809682764000000
  27821579858632324363552720854493264559300737709424147804854975887121359670980615356000000
  25378372083006296617553949309676982460482893719559785214771094091154413978388167652920000
  25217744599112451699429414044879751472286144895123642240520707073659486796127435019000000
  25142259056950202796756730803970518724507874731198729675613395590922156557806009292000000
  24752828548971732142227385619247636326495936269976217199554066181831529773413206475628800
  23331068583754227231279481075454096775062494495802849494470611579195045329323680886421875
  23233245931389606621728249537442142814679156632331555495541546754917716851426095332000000
  23198621489708573195379967256285636852043658375396296233240027306090470856456629731000000
  23097778001413812686007886517864004085395737940155725639137876258601139624174810604000000
  23020549431891113953148567866926593093747716526034279913958256722489907059256978972000000
  22962204998130957574977964104032800337540113702817581088021491567667356044399695311540992

BTa(21) <= 108017480260055891349349434078007118409816211596074421874782013152781209964290521967447172971431469705047741717793222992124981940703226072000000000

  22468501161701869652057217375176467718255012322414843408866814911252623038619602555419159410080000
  22421268913244786759165569172494683903174221095693700140632463242046638518130493014994266121507500
  22009318187950580176261206459486531391278256363107897713042942379741606475868351824593163812000000
  21855655724811490562714745018527179010557076020483933751381302784111657812628709543248691987000000
  21376016316817664024170710894707181224160097617328384573043231486576668766186782323586860081120000
  18858009101409398963477319462575911270332178891516188712364335568724925503275254688927191644000000
  18766554412933881358297295852725631553388461995568720607286016745648068205858672250317389516000000
  18156078636770635766747639977727010727381222445736303047638129002586551833346078241267094562750000
  17733084657039870892073608836377406942698345898719683749388008495934069020765590125551569844000000
  17643110369922915945892663323045970711905481090706588236816490845895510237611671874421277804000000
  17414927956101232401634920861402287422962802676780358420566329709189910336861157406090343516000000
  15885601166950113333030973507368007964529935558083080316268428878723072336515519740473796704120000
  15785056335420239420852905215410950635667793892400951000088785420732409351110701352147091859000000
  15737806133053498999653085275925166428962963735336622803191617866573532220257188884296754412000000
  15494041965999961913222535372454266506966845173224606617475276765535337702850244795587385061996800
  14604090802516717270695421671073160115279304227208306625892546821887918713301521936704572654546875
  14542858677955105496518788241859992311461974193183481434125765081739123388445947737885814852000000
  14521185496185439176443014036240173906651631547839985145259535291897187731259006560962782891000000
  14458062478282834561193016214704006306158936991501872860035309372844712702763627024680428044000000
  14409721227310587691665483142935700907531490002396823410517219734373234142598354379292808892000000
  14373200507936077219333141197964372927124156024259711599193825422539837443907521308549091408698112

BTa(22) <= 4680247859298792255465896583920257161776853980641720488623945439873944558056759119053262369879441902130153472288312996410513410535472957059046536164424000000000

  27717707644041118809060269899833111386696675231135600791778124288713140647605479184357690176331503900320000
  27659440755445289874353117202777177681867522008649662180475040608557542665945098284455900478405019361967500
  27151247988812580715565073556279705561328188480834051157171404775748306275460330906631127080096631748000000
  26961686112900163546111259913682698596904565267632299416475213575237803019507949639393698731544141323000000
  26369990886340295651296252345504851854880878339829321054282066365205004775077440182029760010276610464480000
  23263713910409343878132174510594419213156088057897735305878797360967574589493325988135661663437222076000000
  23150893108541078659100196816669822226655311816395060387528170747746258329053203110566509932618747564000000
  22397794850420319691166071277969040735350044371799142347125680036134476339076742272027212653427667344750000
  21875978847608731487377650778271618532371742567394690800177985651849761871236854797394681544957009876000000
  21764984306057394903807993812046154292404620946329975614792626069095167937394519367988620631304336716000000
  21483492746371089158525859058552187943047565014344714961237374740555935624808778760177505405579813564000000
  19596876788821384097024954654022441275716269177201926947874001374142075466410289450344033980239809831480000
  19472842158055060124760550486386106765938314241658535297207206926104337760244745248822930621533724811000000
  19414553121065113867348408278761184030275905474226963164011601202370478473200431050567949735784819148000000
  19113839519038116629194237004550957566257353775542232684457191954194233727737196903638066527878475397587200
  18015973400182398867718167478687022715649086548320092571238247813290023746238104015063508275855261108421875
  17940435912621136474351599195788216215166286092660643204842501951184121634418549387676646534068615908000000
  17913699330964691411961166951605595210575552926264571346178877962946720869711609301179559408108867939000000
  17835829189861721484037393021763321476252132140644369810702657469630467804914718044829279229554717676000000
  17776194207895062064196643867051379470758951425768991588989525151537526703310099316342806298165847068000000
  17731141330745508783453807604314014089627644574443513851058279182884186474379446238329121691888000138056448
  17716026259051322178658682558640781823663727100814484963026986596121633120209302465451063139733043636000000

BTa(23) <= 505624992450102221744244678441689845434887715317085055675501100061664233777550644179891369792998312033624027623507268993575520089167244066787797454194149200985506392000000000

  62872939073499721150578817450933158463368424907588153296107366585319000282318727744840078497510249320480769061280000
  62740770476307827278423674489244877386544159026312635979305550619930177816908914643595815882892097688598598936307500
  61588021004222220583941351172883989555715148516255098122990369041489147393652717400152178076138066122038083492000000
  61158031900218449440835197759616318256083248438782560892239262409635292166720076430001051519209390000536143667000000
  59815871198931993512898618396347918682959686925096689494363109882638394797901800950533531035709795417187132797920000
  53669488283653004874806834105656871087889938864162857506418577173071818067790525733637574697221970211639704556000000
  52769806439131831851232793818841661394877640877594587292927212754965799000977107676632806026186571972276803804000000
  52513891502255304497674555569278863871618337346330448038864953071540044361066905712857643305046797588414119756000000
  50805615280164309889603665788449986998263556360083244321487303701257677510041733615549512396872666387953199722750000
  49621963797376432845021195839244589134192117865595757571373643594606171283763847468983344247467798468491230004000000
  49370191423626452120953633002903666966198369956005721992845026592185474295874711436401994295759258845600432364000000
  48731675356239243323918621853980561582273270849689448483206765482241327543473817534184661077042461401237633756000000
  44452205651261104768147260931532528610281685146390348014646557686755245449125653446115672036811731525786328140920000
  44170854037219830976960980339445696690295395088138084203200374233626872043493294306579904137832265712110941619000000
  44038635200136103421235971187315303292772514845850527756063847524470784911384930008221453515388030519043658092000000
  43356517175744548087533837984826651714299635594228125252315482977627122476927994467724639654559692073407697251948800
  40866193282869709629539472490741217674236938457969628635501367590301940768741087983308440734071607870656383127046875
  40694849248428047848129042546737776532244248655301915414706570718114181513873953391090826319557800486061000132000000
  40634201827973683129630477935493008146721836709032968874378984085644155517240796630551531023918160166983773131000000
  40457566562890194047770095191273116575016945587245030160204675301387162248720354131344271567032102913277336204000000
  40322294676917866845604243660959581495914074774470736384244113556161014032787045619342005961346846508997779772000000
  40220099833228522350451191922442392850446982207158180320498164263708884181675658860183899680938697494709738557569792
  40185813845587532106459589113894253339513821010938417495736527763048451076888159777759093546000939629454145044000000
